969.0,225.0,108.0,335.0
965.1,236.2,108.3,338.3
966.2,241.4,103.2,332.0
966.0,246.2,102.8,336.3
953.5,268.1,103.8,330.1
950.3,276.0,110.2,331.9
978.2,252.3,104.2,324.8
972.1,229.8,115.3,339.0
963.0,251.6,106.7,334.4
951.8,281.2,107.2,333.8
945.2,289.7,113.3,329.6
918.8,279.5,106.2,331.8
907.9,279.0,109.9,323.5
924.8,280.4,120.3,339.7
942.9,284.9,119.5,338.7
998.6,294.9,115.7,331.5
1019.5,313.1,114.9,334.1
1019.9,321.9,107.9,327.0
1011.7,332.1,106.8,329.9
999.9,351.6,99.5,322.6
1038.8,386.8,107.2,333.8
1049.0,414.5,97.1,327.6
1017.1,418.5,100.4,326.8
1020.2,371.7,91.2,324.2
1063.2,325.1,90.3,328.3
1007.9,269.0,97.7,331.8
975.3,232.9,103.0,330.3
963.7,206.1,101.0,328.6
958.5,175.0,103.6,333.0
971.8,146.1,116.4,333.0
1033.7,149.8,112.4,347.0
1071.6,191.2,118.6,349.1
1154.4,293.4,106.2,356.4
1224.2,410.2,100.9,353.7
1249.0,452.6,97.0,341.9
1270.7,464.4,96.0,338.0
1227.4,400.9,94.5,335.1
1197.0,338.1,100.4,331.3
1183.2,281.1,109.3,329.3
1181.7,245.6,111.6,332.5
1195.3,255.6,113.3,342.0
1210.3,285.1,109.5,341.5
1203.7,317.9,108.3,338.5
1223.5,351.7,110.4,336.8
1251.8,373.6,108.2,333.0
1254.8,375.7,99.7,336.2
1240.6,352.8,104.6,331.5
1230.4,314.1,104.0,331.7
1229.2,279.3,100.1,333.8
1221.7,263.2,108.2,337.6
1222.6,252.5,104.1,338.3
1234.7,259.3,112.9,339.6
1265.8,294.1,114.4,342.7
1348.2,328.3,114.9,348.2
1367.3,358.3,109.3,351.5
1359.5,372.8,105.3,350.6
1342.6,365.6,108.3,342.4
1343.6,350.9,101.6,345.0
1338.0,328.4,106.8,347.8
1281.9,309.3,131.7,332.4
1285.0,292.3,113.6,343.6
1284.4,289.4,120.4,341.8
1291.2,298.1,103.9,347.9
1292.2,309.9,104.4,344.2
1300.3,347.3,106.9,346.6
1279.9,361.2,124.9,341.4
1291.5,357.8,119.7,343.3
1278.0,338.6,110.5,337.3
1260.8,311.9,109.9,337.9
1256.3,296.2,112.8,344.2
1249.0,280.2,123.7,348.1
1247.5,294.6,109.2,342.1
1236.0,314.4,117.8,342.1
1228.5,337.7,115.3,338.3
1262.3,363.1,113.5,337.3
1263.6,367.6,120.1,342.6
1265.7,355.3,110.1,339.0
1251.6,352.3,117.1,338.4
1246.6,344.8,111.6,339.7
1243.9,346.1,118.1,346.2
1244.9,353.8,111.5,335.9
1241.5,356.3,110.9,338.5
1238.3,355.3,120.5,340.9
1244.4,348.3,118.3,342.0
1239.7,341.7,122.9,342.6
1237.2,335.1,130.2,346.3
1242.4,329.8,115.2,343.1
1243.0,329.6,122.3,336.6
1241.9,331.3,121.1,337.8
1237.3,337.8,120.0,339.4
1240.8,339.1,124.7,339.3
1248.5,334.1,124.3,340.0
1248.0,330.3,119.5,341.5
1255.9,336.0,108.7,337.6
1286.2,352.8,118.2,341.3
1322.3,381.2,116.2,339.0
1338.7,390.3,123.7,342.8
1340.1,382.6,124.8,342.5
1327.0,368.2,119.2,337.0
1311.3,350.8,116.2,340.7
1299.0,336.8,123.6,346.1
1300.7,331.3,121.3,346.0
1303.4,328.4,118.4,342.9
1295.2,327.7,115.1,336.1
1264.0,334.6,108.7,343.1
1255.6,346.4,113.8,340.5
1262.4,349.8,108.3,336.6
1255.7,347.2,112.1,337.3
1240.3,326.2,109.6,334.0
1238.0,301.6,122.8,343.4
1241.4,290.2,112.7,339.2
1230.5,280.6,118.3,339.5
1229.8,281.0,114.0,337.0
1237.4,283.0,114.7,338.3
1227.4,283.3,117.9,336.0
1240.6,280.3,121.1,341.5
1259.1,283.2,128.7,340.3
1302.9,299.1,116.7,347.1
1319.0,346.2,112.6,342.6
1307.8,375.9,125.6,350.6
1322.1,391.2,111.6,339.4
1326.3,391.7,119.3,341.3
1292.5,378.8,132.8,348.5
1298.7,367.6,111.0,334.9
1288.7,344.0,127.0,337.4
1298.1,329.8,111.7,330.2
1292.3,315.9,123.9,342.5
1279.2,312.6,124.2,338.7
1301.9,310.4,125.3,343.5
1339.9,318.2,124.5,336.2
1334.0,331.4,132.6,342.1
1347.7,334.9,119.5,337.6
1342.9,339.1,121.9,334.0
1332.0,342.7,127.2,337.6
1337.1,344.3,124.6,340.9
1325.4,347.8,125.2,337.2
1323.7,345.7,126.7,338.7
1324.2,339.9,131.5,343.3
1315.7,331.9,121.0,331.6
1314.9,331.3,126.0,336.5
1307.9,334.8,125.0,336.4
1324.2,337.4,125.1,339.4
1338.7,344.1,123.7,340.2
1328.7,350.2,125.2,335.7
1338.0,349.6,124.7,339.7
1364.1,355.1,116.2,338.5
1352.8,365.8,123.4,343.2
1342.0,373.4,122.6,335.9
1350.4,366.7,120.6,338.2
1344.2,354.7,124.4,344.5
1336.1,347.8,123.9,342.2
1340.5,341.7,126.1,341.5
1360.9,346.0,123.3,344.3
1350.3,356.5,119.5,333.3
1349.6,360.3,113.3,339.3
1357.4,359.1,123.5,340.8
1352.2,352.6,124.7,342.6
1337.3,344.0,114.8,330.2
1337.7,337.3,125.3,342.1
1334.9,336.7,124.1,349.2
1333.8,340.2,122.0,342.1
1352.9,339.5,117.6,339.1
1365.8,333.6,128.0,347.6
1376.9,327.7,122.9,352.1
1404.3,346.6,126.5,349.8
1441.8,386.8,119.4,354.7
1441.2,420.5,110.0,352.0
1428.6,447.2,118.0,350.8
1427.5,442.4,111.4,344.1
1434.4,419.2,108.0,346.5
1412.1,391.7,114.9,340.1
1405.0,371.1,123.0,354.5
1406.5,362.0,109.6,338.4
1408.1,356.5,118.0,345.1
1414.6,357.2,114.4,351.5
1430.8,360.1,121.3,353.3
1419.5,381.7,114.1,348.4
1413.1,404.5,111.1,341.0
1406.8,410.0,115.9,342.4
1397.1,407.7,118.8,341.2
1374.7,393.0,117.9,343.9
1375.0,377.9,122.2,347.5
1364.2,374.3,117.1,340.2
1379.1,370.1,116.3,348.1
1423.0,388.7,108.9,351.5
1413.1,439.2,105.5,344.1
1396.3,458.9,110.2,347.7
1398.5,470.4,105.9,343.6
1404.9,447.7,111.4,347.3
1387.0,418.3,111.4,346.0
1385.1,401.4,114.6,350.7
1387.0,378.7,107.0,339.4
1386.0,374.1,115.2,345.3
1386.7,380.4,116.7,350.1
1384.5,392.0,124.0,354.9
1393.8,402.7,112.8,353.7
1391.1,407.0,115.6,341.3
1384.5,401.3,112.9,338.2
1380.8,387.3,122.8,348.9
1380.9,372.7,113.9,343.4
1383.7,368.6,120.5,342.6
1372.1,371.2,127.0,350.6
1374.0,371.1,124.8,346.4
1375.1,371.2,116.1,340.9
1364.6,369.4,118.0,335.7
1365.8,364.0,124.3,344.8
1368.1,361.1,121.7,343.0
1362.7,363.3,125.4,346.2
1371.9,362.5,125.9,351.2
1374.2,366.5,117.9,343.1
1376.8,373.8,122.5,354.0
1368.2,378.2,116.4,341.3
1366.0,376.2,123.2,344.1
1385.9,369.6,114.6,337.8
1407.4,362.7,120.9,346.6
1390.6,365.0,112.8,339.4
1376.0,374.0,115.7,344.9
1378.7,379.0,116.3,344.8
1370.7,379.7,122.3,338.0
1364.9,377.4,121.5,339.5
1370.3,370.8,122.5,344.9
1377.6,371.8,129.4,348.4
1374.1,374.6,120.3,342.3
1376.0,375.4,125.4,344.1
1378.3,374.5,124.8,344.7
1377.6,377.2,121.6,342.7
1375.6,378.5,124.6,345.0
1391.3,378.4,124.2,346.6
1397.6,374.1,122.7,345.3
1399.5,373.4,124.8,348.0
1390.8,376.8,133.2,348.1
1388.2,389.7,121.3,348.6
1362.4,420.2,110.6,338.5
1289.8,449.4,113.5,338.3
1238.5,468.9,104.6,338.3
1195.2,475.6,105.8,340.8
1168.0,467.0,108.3,334.0
1158.0,465.1,113.0,335.1
1119.5,460.4,113.7,338.8
1115.3,469.9,110.1,340.7
1099.9,495.8,108.5,334.2
1104.6,508.3,102.8,335.4
1116.2,531.5,113.9,338.0
1122.4,538.3,103.4,337.8
1058.0,543.9,109.1,332.1
1078.5,538.6,110.4,334.4
1089.4,528.3,107.4,333.4
1108.1,529.2,110.9,333.7
1120.2,536.8,104.5,336.9
1104.9,552.7,109.9,337.8
1115.8,565.0,120.8,341.6
1142.8,561.9,113.3,335.4
1143.3,559.8,119.9,336.0
1153.4,569.4,114.7,346.5
1139.3,581.9,116.3,344.8
1128.6,597.7,117.8,340.5
1162.6,597.0,115.9,336.8
1141.1,598.7,113.2,343.2
1133.1,606.8,118.5,342.1
1136.0,600.8,119.0,334.9
1153.3,591.4,118.5,340.5
1149.2,586.4,111.0,333.0
1139.1,575.8,113.8,335.8
1133.2,561.8,116.6,335.8
1132.7,546.7,115.5,339.3
1132.8,536.8,123.8,338.1
1131.5,522.8,114.1,329.0
1136.9,514.9,125.0,337.4
1143.0,515.7,120.6,339.3
1144.6,526.4,117.8,341.0
1143.5,536.2,112.4,338.5
1141.9,538.1,124.2,333.8
1148.6,520.6,111.1,330.8
1145.4,508.1,112.7,333.0
1149.7,493.0,115.1,335.9
1146.6,492.2,121.0,333.2
1150.8,496.5,111.3,336.9
1153.6,504.0,118.5,338.7
1150.9,509.2,121.6,337.2
1155.1,507.2,122.9,334.4
1152.9,500.5,116.5,333.8
1152.2,492.2,126.5,334.9
1153.5,489.0,117.3,334.5
1149.3,495.4,127.8,341.5
1151.8,495.8,122.9,340.3
1158.0,498.6,122.1,339.6
1147.4,500.8,122.2,335.7
1144.6,502.9,120.8,333.5
1141.3,502.4,125.1,331.1
1146.1,491.5,117.4,332.4
1151.3,491.7,125.4,341.5
1146.7,496.8,121.7,336.5
1146.1,499.8,121.6,335.5
1148.7,498.3,123.5,335.7
1149.4,493.4,123.6,335.8
1149.0,483.6,124.7,334.3
1140.9,472.7,123.8,331.6
1146.2,466.5,124.9,341.1
1149.5,467.6,125.5,339.8
1147.7,478.5,125.6,334.9
