882.0,388.0,104.0,189.0
877.5,393.5,114.7,176.0
883.3,393.6,107.5,161.7
885.8,393.2,104.7,151.9
896.9,387.6,134.9,146.8
899.1,383.1,104.4,153.0
899.2,390.5,104.1,143.6
894.0,393.3,107.7,146.8
882.8,387.7,104.4,131.1
868.2,382.3,121.5,144.1
861.2,385.0,115.6,137.2
857.4,387.4,111.0,155.6
860.6,384.5,104.7,140.4
859.1,386.5,107.1,144.6
860.5,382.6,116.8,153.8
861.3,388.6,107.6,143.6
865.1,393.7,101.1,143.9
875.7,396.6,93.9,142.9
893.7,395.2,89.2,144.5
901.2,393.9,87.3,139.7
903.5,385.8,71.7,143.1
908.8,384.8,88.9,144.9
912.0,387.5,85.0,143.2
917.7,390.7,73.8,137.5
921.0,383.2,77.2,142.3
920.8,375.5,82.0,144.9
917.3,375.2,81.2,145.1
914.7,378.9,88.4,143.2
907.8,379.7,120.7,133.5
905.2,382.8,109.6,137.8
905.8,382.6,117.9,142.5
903.8,381.1,107.6,144.1
908.1,381.2,102.1,146.9
910.8,384.0,109.4,146.7
913.7,383.4,107.1,148.8
916.3,384.2,92.4,135.7
926.1,384.4,104.9,136.5
923.4,380.0,103.6,145.2
921.0,381.1,88.4,145.6
921.7,379.8,109.6,128.1
919.4,380.1,104.9,134.0
917.2,377.0,106.7,138.3
905.5,354.9,185.3,158.9
902.1,336.3,206.0,162.0
898.2,291.6,204.6,194.3
892.0,273.2,209.1,117.7
907.9,258.3,201.5,129.2
904.6,257.3,162.6,127.7
905.3,240.7,184.7,146.9
906.4,221.4,173.1,163.3
899.8,205.4,205.8,182.0
893.1,177.3,164.6,209.6
887.9,179.9,177.7,196.0
873.6,160.2,143.6,210.5
882.8,171.1,101.6,208.0
864.1,185.7,118.2,207.8
871.1,178.1,111.0,191.5
837.7,172.2,126.9,190.4
851.6,179.9,132.1,199.2
829.0,167.3,155.6,215.5
844.1,157.1,134.5,222.2
851.5,166.2,108.3,215.4
847.6,153.1,150.1,213.5
802.6,149.2,150.5,225.9
794.1,163.6,185.8,210.0
802.5,151.2,126.2,219.9
798.9,157.9,133.6,212.4
801.6,163.6,134.4,212.2
795.9,166.7,141.5,211.7
815.5,164.7,123.5,210.8
831.8,173.6,130.3,210.2
859.9,195.7,112.9,192.2
861.1,194.4,113.0,194.0
863.7,204.3,107.2,172.2
844.2,208.9,131.5,174.9
872.6,218.0,114.6,171.0
876.0,206.8,138.7,177.5
846.7,212.4,159.8,176.1
871.5,214.2,124.2,160.9
836.6,213.3,167.1,173.8
854.2,216.4,139.8,172.6
842.3,218.5,149.1,170.5
817.6,214.3,173.9,170.8
850.2,201.6,118.8,161.3
821.0,201.8,153.0,172.9
849.1,211.2,126.5,174.2
864.7,213.0,119.0,169.6
887.6,215.1,121.7,187.9
873.7,222.7,135.3,145.3
967.6,221.8,288.8,136.1
828.0,226.9,154.6,168.5
882.6,219.5,140.7,192.4
884.2,261.5,167.6,161.1
925.5,261.6,157.5,175.3
945.9,287.4,186.7,167.8
1022.9,301.5,160.2,170.8
1091.8,303.5,160.1,186.1
1150.5,319.3,132.3,175.8
1166.4,325.7,144.9,180.5
1128.2,323.1,171.7,178.2
1092.5,297.7,117.6,186.8
1046.5,307.6,128.9,171.1
911.8,266.5,126.6,190.9
864.6,208.0,120.9,232.9
1097.7,256.7,159.8,137.5
807.1,236.3,121.8,207.4
874.5,305.7,121.0,132.6
954.3,250.2,104.8,188.5
921.2,271.0,125.4,172.8
983.9,310.1,165.4,149.9
1176.2,333.3,98.3,110.4
1192.0,335.5,96.7,117.9
1193.2,342.4,98.6,110.6
1030.0,391.4,114.6,97.9
1004.9,359.7,123.6,145.2
977.4,376.9,113.3,132.4
985.5,399.7,102.1,109.8
918.8,373.1,98.1,138.1
915.8,392.9,111.8,120.0
928.0,366.7,106.0,141.3
956.6,349.1,63.5,169.8
936.9,341.7,94.4,135.8
945.3,344.1,104.7,186.7
951.3,336.1,97.4,182.7
936.0,344.5,97.2,140.5
943.7,325.1,92.0,143.7
1021.7,328.9,193.4,119.5
1418.2,383.4,42.7,119.4
1437.0,355.2,47.9,129.1
1440.0,336.3,49.5,130.0
1446.7,303.3,50.7,134.4
1446.7,281.5,49.3,136.8
1445.3,275.2,45.7,131.6
1438.2,278.9,49.0,129.9
1426.0,280.9,53.5,131.7
1406.6,279.9,43.3,123.6
1396.1,276.0,52.6,132.9
1396.0,274.8,48.7,137.3
1407.0,288.2,48.8,127.9
1414.0,290.6,53.5,127.8
1414.6,284.1,56.2,127.6
1406.6,286.3,53.1,125.5
1401.5,290.6,57.4,122.3
1396.0,292.4,59.0,119.6
1392.1,295.1,61.1,110.0
1388.5,291.1,69.2,107.7
1384.2,300.9,72.3,114.6
1391.1,310.5,71.7,104.1
1393.5,304.3,76.9,112.2
1398.0,315.5,76.5,129.2
1401.7,316.5,83.6,125.0
1406.9,312.5,83.9,127.5
1404.7,309.7,99.4,129.1
1398.5,307.6,100.6,130.1
1383.2,305.5,107.6,129.5
1369.8,296.3,120.8,135.2
1363.5,291.1,108.5,134.2
1365.3,297.2,88.6,123.3
1336.4,304.5,105.3,119.6
1326.8,307.4,112.1,125.2
1322.2,308.2,104.8,131.8
1314.4,312.9,102.2,130.5
1314.3,311.6,102.0,131.7
1295.2,306.2,116.0,137.1
1307.7,312.6,95.3,129.0
1279.7,285.6,105.2,162.5
1256.4,254.2,125.8,196.1
1253.6,334.6,116.1,119.9
1249.3,329.4,109.7,133.4
1242.6,346.4,109.0,132.0
1112.8,304.1,107.0,118.3
1063.8,290.2,137.7,118.8
1247.6,360.8,106.6,136.7
1242.5,371.3,117.7,129.0
1241.5,366.7,118.4,142.5
1242.2,367.3,112.7,132.1
1245.2,367.2,108.8,138.2
1137.1,289.6,76.1,129.1
1235.6,346.1,112.6,139.1
1234.6,346.2,108.0,150.6
1237.9,365.3,103.8,135.1
1236.4,370.8,95.3,134.8
1142.0,293.9,68.2,120.7
1051.8,308.7,153.0,93.5
1237.4,362.9,108.0,149.5
1243.3,380.0,89.8,135.7
1143.2,294.7,51.6,117.9
1050.5,312.1,100.2,85.7
1053.3,312.4,59.0,93.7
1051.3,313.0,65.4,83.0
1047.1,309.3,66.3,77.1
1043.4,309.4,69.6,86.5
1040.7,306.9,66.4,83.9
1046.7,303.0,65.0,86.6
1055.2,306.0,64.7,90.0
1054.0,309.2,65.1,79.3
1065.3,317.6,63.3,75.0
935.1,301.0,220.4,114.9
1271.4,387.8,89.8,145.1
1188.7,306.1,57.6,132.3
