1375.0,376.0,182.0,144.0
1382.6,352.7,210.9,171.3
1380.2,364.5,219.5,143.1
1353.3,384.7,218.1,133.0
1356.5,415.7,199.2,112.4
1329.1,436.9,209.1,118.7
1315.7,442.8,203.8,122.2
1277.4,420.1,186.1,134.2
1257.1,399.2,175.7,123.7
1285.2,352.6,139.7,107.3
1285.3,312.0,179.9,111.1
1292.8,275.9,214.3,136.8
1248.4,288.6,204.5,155.2
1268.2,293.8,179.6,171.0
1248.5,349.3,178.8,129.3
1245.6,356.7,176.1,126.0
1261.2,335.3,150.9,144.7
1215.9,320.4,198.0,123.6
1201.7,265.9,195.3,173.3
1173.4,271.7,199.9,150.3
1182.7,288.4,173.1,128.1
1161.4,304.1,189.0,137.4
1152.1,326.1,197.5,135.9
1136.5,344.9,195.1,158.2
1117.6,336.9,179.3,149.8
1118.9,320.3,161.6,142.2
1126.9,290.8,149.9,137.9
1136.4,250.8,148.1,151.0
1139.1,227.6,162.8,151.5
1146.9,213.9,169.9,152.6
1173.8,183.2,162.5,169.2
1202.8,162.7,161.3,186.6
1225.9,161.2,179.0,191.9
1241.8,201.9,205.4,169.9
1256.7,252.4,205.5,159.9
1255.7,288.9,208.5,168.4
1250.8,329.2,199.0,162.1
1255.5,371.1,157.7,181.0
1248.6,401.1,144.1,188.8
1243.6,432.6,127.8,184.3
1244.3,441.5,113.4,176.9
1236.6,416.5,118.0,166.3
1236.4,318.0,134.4,164.7
1245.9,279.3,188.3,142.2
1228.1,236.6,193.4,133.7
1211.6,172.9,198.0,160.8
1216.1,117.2,154.4,224.2
1190.9,156.3,147.2,213.9
1172.7,189.9,149.2,199.0
1166.4,194.8,141.0,175.8
1194.0,182.2,121.5,190.5
1207.8,178.4,127.7,193.8
1221.6,205.2,157.1,156.7
1230.0,230.7,197.0,129.0
1237.5,245.8,203.5,123.3
1229.1,243.4,202.7,139.1
1237.6,245.3,160.2,169.7
1227.0,278.8,142.5,147.8
1217.7,322.2,140.4,113.1
1213.4,327.3,151.3,111.6
1206.6,312.4,172.6,116.0
1201.5,289.4,178.4,126.7
1214.0,256.3,138.8,157.9
1208.6,248.1,128.8,167.7
1222.7,250.0,119.9,174.4
1217.8,254.2,151.2,180.7
1238.6,268.7,174.0,169.8
1232.6,292.6,215.4,150.5
1229.1,292.2,211.8,144.9
1223.2,277.5,205.3,152.0
1212.7,265.9,180.5,170.0
1213.7,292.2,152.3,166.5
1206.8,337.8,155.1,139.3
1207.3,384.7,164.9,117.2
1207.7,411.8,175.0,111.8
1209.1,446.9,176.3,118.3
1201.4,494.5,172.8,125.7
1182.0,520.1,176.4,135.5
1142.2,537.2,185.0,139.2
1119.2,513.7,191.9,125.5
1076.5,451.6,171.8,144.3
1003.8,385.1,167.5,146.3
986.0,333.1,131.1,134.5
966.7,299.8,145.3,126.2
973.7,272.4,144.1,126.1
992.1,259.4,135.8,123.5
1028.4,204.9,157.1,177.5
1078.2,168.8,171.6,181.9
1129.8,171.0,175.0,166.1
1165.0,166.8,162.4,168.3
1208.7,150.9,141.1,190.4
1221.4,161.0,149.1,197.7
1227.9,197.2,159.6,187.4
1226.1,247.9,162.6,159.4
1202.4,310.7,153.0,104.7
1174.0,326.6,148.7,112.6
1120.4,324.2,156.9,144.7
1066.4,315.2,186.1,166.5
1012.4,307.8,211.3,145.7
984.2,277.7,181.0,134.1
987.0,226.2,118.7,134.3
980.6,215.4,116.5,142.1
978.7,142.4,126.3,193.3
1002.8,82.2,129.0,207.8
1045.8,31.7,144.1,206.3
1073.6,40.0,153.7,202.9
1112.9,31.8,157.0,198.3
1130.0,51.1,163.6,200.1
1140.6,83.3,161.5,196.7
1136.5,132.7,151.6,184.2
1124.1,194.6,142.3,176.6
1108.4,243.6,145.1,172.8
1070.3,301.4,182.6,160.3
1041.0,308.5,201.6,142.7
1001.9,280.5,160.4,141.9
968.4,222.8,146.3,154.3
921.1,162.4,158.4,163.0
929.8,95.1,155.2,196.5
971.4,58.3,153.3,199.1
1012.8,82.7,150.5,162.0
1031.6,74.6,149.9,160.2
1047.5,49.6,147.2,172.9
1060.1,9.6,136.1,202.6
1047.2,34.1,155.9,196.3
1039.8,47.0,152.1,198.1
1040.0,59.8,139.8,202.7
1029.4,151.9,135.0,157.7
1015.2,220.9,153.4,128.2
1012.1,239.9,165.4,121.0
1014.0,250.6,187.1,116.4
1021.6,243.8,191.0,124.5
1019.1,201.1,187.2,158.6
1051.4,135.1,143.1,195.4
1079.8,92.5,126.6,202.9
1085.3,58.9,163.2,215.1
1086.8,74.9,167.2,195.0
1106.5,67.1,150.4,206.9
1118.1,70.9,134.4,213.8
1123.8,72.0,129.5,229.4
1115.2,142.8,132.0,206.0
1088.8,209.8,162.4,196.1
1060.5,269.1,191.9,162.3
1012.8,303.9,196.4,131.6
938.5,280.4,183.6,161.4
941.4,283.5,187.3,132.4
934.1,264.7,198.0,125.2
940.1,202.4,186.1,174.8
1004.8,112.0,127.3,205.2
1053.2,79.0,141.5,212.2
1080.3,64.6,148.0,219.1
1112.2,52.4,193.7,221.3
1125.8,77.3,210.8,228.5
1134.0,78.4,209.5,239.5
1148.2,117.7,199.9,229.8
1165.8,127.8,175.5,231.6
1179.3,124.8,165.8,232.5
1191.2,126.4,169.1,236.3
1192.6,126.8,166.4,235.4
1195.7,128.8,178.2,243.9
1196.8,136.2,198.7,237.8
1207.8,147.2,212.9,225.1
1216.5,153.7,209.4,212.3
1237.2,135.0,198.9,209.4
1263.3,113.3,182.5,207.1
1317.2,67.9,167.2,221.8
1354.2,22.1,162.9,218.0
1362.7,4.8,209.7,189.5
1360.7,30.4,220.6,151.1
1335.0,40.7,216.0,144.4
1269.5,61.5,185.6,198.6
1238.9,128.1,153.2,206.3
1224.8,214.8,165.7,177.5
1232.4,228.8,159.7,178.1
1255.6,216.7,145.5,190.1
1258.2,201.1,142.1,187.4
1284.0,177.7,170.9,207.4
1332.2,153.9,194.5,191.7
1325.8,168.3,220.0,141.5
1321.9,151.8,218.6,153.6
1311.1,102.6,195.4,214.5
1280.8,124.5,162.0,216.2
1266.7,159.4,143.1,212.2
1238.5,208.5,146.6,190.3
1230.3,241.5,148.5,188.9
1221.7,273.6,155.0,182.2
1214.9,286.8,159.7,166.7
1208.3,297.5,166.3,148.7
1201.2,295.4,168.8,135.8
1192.7,277.8,170.9,146.3
1189.1,239.6,167.4,159.5
1191.9,205.9,163.6,160.6
1204.2,174.5,161.0,173.8
1213.9,154.4,157.4,156.3
1212.5,134.9,162.1,152.1
1194.1,110.2,171.2,151.7
1176.7,84.1,171.7,158.6
1157.1,35.2,159.2,183.2
1153.8,1.0,142.4,192.1
1156.7,0.6,138.6,163.3
1160.1,1.4,137.7,117.6
1156.5,0.4,145.3,87.8
1176.7,2.5,103.4,46.5
1180.4,2.6,102.0,44.6
1132.8,2.6,150.1,63.8
1105.5,3.4,156.9,113.6
1086.7,1.2,155.8,166.9
1071.2,32.8,154.6,215.0
1074.9,80.2,157.0,208.8
1090.2,93.2,155.8,208.2
1092.0,97.8,158.7,206.6
1091.6,90.3,167.7,196.6
1094.1,33.8,163.2,197.8
1100.9,1.3,153.2,157.0
1104.3,0.4,152.9,107.6
1057.2,2.6,167.8,94.7
1007.6,3.3,136.6,135.8
977.0,1.9,174.3,166.4
973.8,35.5,151.3,187.4
948.9,80.8,183.4,170.0
932.7,109.6,195.2,146.6
934.6,97.4,192.6,142.3
934.9,74.0,188.6,157.5
936.6,8.6,162.3,181.1
945.6,2.6,139.4,140.5
938.8,1.0,126.6,107.3
944.6,2.0,133.6,102.0
955.1,2.7,133.8,82.8
974.6,2.2,114.6,117.1
978.5,6.6,145.5,197.8
1001.0,108.0,148.1,141.3
1027.1,150.6,138.2,123.3
1036.2,161.9,136.9,124.4
1050.6,152.2,136.8,159.3
1057.8,135.7,139.5,178.6
1065.3,82.8,138.6,193.3
1070.0,57.9,136.8,196.3
1067.5,37.7,132.7,187.1
1050.6,67.0,138.4,150.3
1044.9,68.5,141.1,149.5
1047.2,56.0,130.0,164.6
1048.2,48.1,125.5,181.3
1028.1,107.8,125.5,177.3
1010.2,194.7,129.5,180.9
692.0,277.9,124.5,165.4
1004.2,296.6,73.1,183.1
995.2,309.4,152.4,165.6
984.3,296.9,144.2,171.5
985.1,282.7,151.8,169.8
978.3,231.3,137.6,168.0
968.5,168.4,123.8,183.8
950.8,96.8,122.8,194.1
944.0,74.2,123.7,187.1
941.5,102.7,131.4,160.7
946.1,112.6,129.2,157.7
948.0,138.2,115.5,191.8
957.5,199.2,100.0,161.5
953.6,220.5,100.1,148.7
948.1,233.0,102.6,132.9
939.2,218.6,107.6,151.5
929.3,189.0,113.0,175.4
913.7,172.3,128.5,170.6
913.0,213.6,124.2,138.7
918.3,227.3,114.5,148.5
913.3,230.2,111.7,143.2
920.8,218.9,106.6,157.9
921.8,218.7,105.3,158.6
921.9,218.0,103.7,146.1
920.0,220.9,104.2,145.0
914.1,232.4,104.5,132.5
907.7,242.8,104.5,118.6
904.1,248.9,103.1,119.9
898.5,254.3,102.7,121.8
897.4,257.1,102.5,119.1
900.6,254.3,97.3,110.5
903.1,248.7,96.7,117.2
895.7,232.7,98.0,137.8
877.4,202.3,106.0,159.2
861.4,194.7,111.9,162.3
831.9,179.9,113.3,160.0
819.5,166.7,117.1,161.5
806.3,139.9,115.7,143.7
821.0,132.7,118.0,123.7
853.3,130.6,135.3,146.6
896.9,153.1,112.4,169.9
879.4,230.1,142.9,150.5
889.3,282.2,118.6,109.8
663.1,331.9,86.9,125.5
753.2,133.3,79.0,150.6
753.9,99.1,80.2,131.4
745.5,94.5,106.9,150.4
1028.5,257.2,56.2,125.9
976.5,275.5,127.6,107.0
956.9,277.4,111.5,99.6
944.6,282.4,105.5,101.1
953.5,291.4,111.6,120.3
974.2,322.8,87.7,145.6
988.5,388.6,80.1,83.0
1017.1,437.6,62.0,71.2
1046.5,457.2,32.0,43.8
969.1,385.4,47.1,60.7
970.8,491.7,43.0,41.4
968.8,438.0,84.1,102.7
1007.5,390.6,72.2,137.8
1012.2,365.6,68.8,147.2
1003.9,330.1,77.7,135.5
960.2,281.6,125.6,158.1
924.9,263.2,117.6,128.5
880.1,279.3,109.6,95.7
840.1,275.2,106.9,114.3
815.8,279.2,103.5,102.0
791.9,305.4,137.9,109.3
799.9,343.0,161.2,102.6
857.0,358.7,154.4,104.5
912.6,365.2,132.9,106.2
936.2,357.7,113.2,99.2
955.8,337.6,98.9,111.5
965.8,327.3,107.3,126.2
967.2,317.7,117.5,124.7
963.1,332.7,110.4,95.2
949.0,345.0,110.5,79.5
918.1,363.0,119.1,110.0
892.0,378.9,147.0,109.2
901.8,380.3,151.8,103.6
894.8,355.5,178.6,107.9
915.2,322.3,173.3,133.6
937.9,286.2,167.8,172.2
947.7,247.1,124.2,172.6
926.7,215.0,116.5,144.8
929.8,192.1,120.4,126.5
934.5,176.0,122.0,116.5
697.0,226.1,69.6,110.5
622.4,214.0,283.9,246.0
998.2,211.7,100.4,130.3
991.3,245.1,108.3,97.7
994.6,249.1,95.9,91.5
1016.0,260.3,76.1,81.8
1001.8,258.4,89.9,104.2
1010.4,252.2,85.8,119.2
983.7,261.3,106.7,103.6
970.5,261.6,106.9,99.5
971.3,262.3,106.4,101.1
948.6,264.9,100.9,78.1
890.0,252.3,124.4,102.1
870.0,242.2,103.2,104.2
848.3,251.6,177.3,121.6
933.5,267.8,176.7,143.6
961.2,276.1,171.2,135.3
985.4,278.6,156.2,121.5
983.3,262.7,133.1,141.1
959.9,243.9,120.9,171.0
928.0,229.2,117.8,154.0
894.4,220.4,138.0,159.0
857.6,198.8,120.4,161.8
872.6,224.7,117.6,129.8
879.4,254.6,127.8,91.1
904.6,280.9,134.8,88.7
937.0,290.0,128.7,110.6
943.0,305.6,104.8,134.8
933.6,337.0,127.4,110.8
932.5,338.1,129.3,121.1
937.8,328.4,100.2,125.4
943.8,332.1,99.2,117.1
934.0,337.7,109.3,116.8
932.1,343.8,109.9,104.4
938.5,352.1,100.8,105.9
1159.0,570.9,62.4,66.8
1193.3,512.5,142.1,94.6
974.3,371.9,90.0,114.9
891.0,326.7,113.7,107.0
881.6,247.3,146.5,133.6
890.9,212.6,159.9,113.5
937.8,185.9,121.4,130.2
924.7,181.7,134.8,116.7
929.8,181.4,132.8,113.4
936.5,175.4,129.2,122.5
956.0,179.2,126.5,113.7
962.6,157.4,129.8,114.1
965.4,155.1,132.7,115.8
984.5,160.3,134.3,119.1
1009.1,153.4,139.4,141.5
1039.1,162.7,152.9,161.1
1057.0,187.7,155.0,230.7
1073.1,222.2,143.1,206.8
1076.6,245.2,158.9,201.3
1090.6,299.8,150.9,166.0
1109.6,319.3,139.4,126.3
1131.5,305.2,118.3,121.2
1127.0,297.3,113.1,106.2
1114.5,275.8,111.5,114.7
1094.1,227.9,132.2,120.3
1072.4,193.6,137.8,116.8
1054.7,182.9,140.7,115.8
1033.4,179.5,143.7,118.5
1020.7,174.5,152.7,128.2
994.0,172.8,177.5,138.0
993.9,174.8,174.0,140.5
961.8,166.6,190.2,152.2
963.0,160.1,173.8,160.4
864.3,138.2,188.8,213.5
827.3,133.4,176.0,235.3
812.5,138.1,165.8,238.6
766.4,169.2,180.8,252.3
711.4,219.3,183.0,165.6
694.7,229.1,172.1,153.3
691.5,238.7,140.7,166.6
689.4,232.0,150.7,148.9
694.7,228.8,159.8,152.9
703.5,227.8,180.5,172.9
715.1,253.7,205.5,217.5
733.3,293.1,248.2,188.1
757.7,298.7,197.2,179.6
755.8,293.9,200.9,177.6
763.0,247.0,182.1,209.5
767.5,201.0,153.2,249.1
770.2,146.4,157.5,317.4
758.9,114.7,134.5,202.7
758.2,105.8,134.1,184.7
763.2,90.5,141.6,131.5
772.5,80.0,140.8,129.3
809.1,99.8,109.5,129.5
814.9,110.8,122.1,143.3
808.8,117.7,142.2,160.6
813.3,120.9,137.3,156.3
815.3,122.7,130.2,134.0
818.8,129.5,124.7,116.4
822.8,136.5,129.8,116.8
839.6,137.3,125.4,123.7
856.4,129.9,122.3,141.4
872.1,131.8,124.7,164.9
880.2,141.0,122.2,155.0
883.9,159.6,114.7,135.5
880.4,174.0,118.2,128.9
889.7,178.0,114.3,137.0
888.6,179.1,118.7,150.2
882.1,181.7,112.9,155.4
877.6,192.8,126.0,137.8
870.7,212.1,146.0,152.8
888.6,237.0,146.6,133.8
928.7,264.1,156.4,125.9
995.4,308.9,157.3,148.5
976.0,326.8,192.5,165.3
1049.2,363.3,191.7,134.5
1081.2,369.6,201.1,139.7
798.3,377.7,197.9,125.6
1135.7,361.3,116.6,142.6
1178.1,350.3,226.2,126.4
1206.2,324.9,219.8,131.3
1238.5,274.3,209.8,167.7
1225.5,258.2,196.1,165.0
1200.2,252.2,159.1,142.8
1179.0,238.8,150.3,146.4
1149.0,219.9,150.3,159.3
1080.1,197.7,159.6,172.2
1028.6,198.6,161.8,178.9
983.7,198.8,145.4,168.6
962.4,199.3,144.4,174.0
914.2,200.2,138.6,137.5
897.4,201.6,134.1,135.7
871.5,209.7,139.0,122.6
857.4,214.8,146.8,127.6
857.0,216.3,160.4,127.8
904.5,213.2,169.2,137.5
947.3,220.4,154.5,124.8
957.6,228.8,205.9,168.2
999.9,230.5,218.1,135.3
1032.3,212.1,207.8,141.6
1065.2,191.1,197.2,135.2
1096.1,164.2,183.3,147.8
1127.5,144.8,154.3,149.6
1121.1,128.8,159.5,141.8
1116.5,92.2,154.9,157.7
1102.6,36.9,159.7,187.2
1090.1,0.0,157.4,185.5
1067.1,0.5,161.6,125.5
1035.9,1.1,161.8,95.9
981.0,2.1,165.4,110.4
945.6,2.9,160.3,129.7
916.3,1.2,155.6,149.8
889.9,0.0,150.6,168.0
861.2,4.9,144.1,196.3
836.9,25.1,144.6,207.7
828.5,71.4,132.4,167.4
817.5,121.1,123.5,154.0
820.4,143.2,103.3,152.5
826.0,156.2,86.6,140.0
822.9,157.2,89.0,132.7
820.4,161.0,104.1,134.5
817.1,154.8,124.0,150.4
845.4,142.3,128.2,141.6
904.8,143.5,158.2,145.3
930.3,131.7,217.8,204.0
957.3,115.1,210.2,185.7
996.7,69.2,189.1,218.1
1016.1,38.4,177.0,237.1
1039.8,0.0,159.5,223.7
1029.8,1.0,144.5,177.0
1007.3,0.7,153.7,171.1
954.2,4.0,150.3,193.2
921.4,27.4,127.6,188.6
884.7,88.3,141.3,134.2
