1418.0,514.0,233.0,450.0
1413.1,512.0,238.4,450.7
1412.3,512.9,232.7,450.1
1419.3,514.7,223.3,445.3
1413.8,516.8,224.9,443.7
1417.0,518.5,213.8,439.8
1416.5,521.9,205.2,435.3
1410.0,525.2,201.4,424.9
1403.4,526.6,197.2,418.0
1397.4,528.4,191.9,411.7
1375.8,528.8,206.4,409.6
1369.0,529.0,208.5,408.8
1355.6,534.2,215.4,399.2
1354.5,535.0,200.6,399.8
1347.9,535.9,186.9,390.7
1345.3,536.6,174.9,386.4
1343.6,538.7,161.9,383.4
1349.4,542.2,149.6,377.3
1344.5,545.5,145.6,371.9
1332.5,547.8,150.4,365.8
1328.2,551.9,142.3,359.8
1328.6,553.4,133.1,354.1
1320.6,554.1,133.2,350.1
1310.9,555.5,132.6,347.1
1298.0,557.7,133.6,342.2
1292.7,557.7,129.2,337.3
1283.8,560.0,130.8,333.9
1271.7,563.9,135.2,325.7
1268.1,561.2,132.6,323.1
1267.8,563.7,121.5,319.6
1261.0,565.9,123.2,315.5
1263.8,570.6,115.2,307.3
1259.6,571.8,113.0,302.2
1258.5,573.0,111.3,299.2
1257.3,576.9,106.9,293.6
1250.1,577.5,105.1,288.4
1242.7,578.3,104.1,287.2
1231.0,580.3,108.5,282.8
1220.2,580.4,107.5,280.4
1211.3,582.7,112.7,276.5
1193.5,585.6,115.4,272.4
1178.0,588.8,123.9,267.5
1163.4,588.8,124.2,263.2
1153.3,589.3,128.8,262.0
1150.2,591.6,122.2,256.6
1150.4,591.5,109.7,253.4
1150.7,595.0,90.3,251.4
1147.5,596.3,87.2,247.4
1140.1,599.2,91.3,242.6
1131.4,600.3,90.9,241.1
1124.2,602.6,88.2,237.8
1117.1,600.8,88.7,237.0
1098.2,604.7,99.3,231.9
1082.2,605.5,107.9,228.5
1068.7,606.7,107.8,223.5
1048.2,610.7,123.6,219.9
1030.9,609.2,129.8,222.7
995.9,614.7,149.6,214.2
982.2,608.7,152.4,218.3
965.0,608.1,157.7,217.7
933.1,611.1,169.7,213.3
904.1,615.9,180.7,207.5
887.9,614.3,179.2,210.4
878.6,613.6,170.5,208.5
848.9,614.6,177.0,204.3
826.2,612.5,173.9,206.5
799.0,612.1,185.3,206.0
776.6,604.8,186.4,212.4
772.8,605.4,176.1,209.6
745.8,606.6,187.1,208.8
730.4,608.2,189.7,206.9
708.2,611.7,193.1,204.2
698.1,613.4,193.3,200.8
681.8,609.7,197.4,204.1
661.9,609.4,199.1,204.3
640.7,607.5,197.6,207.2
650.2,609.7,169.0,203.0
628.0,603.6,177.9,207.4
599.4,602.5,184.4,206.5
565.9,609.2,199.5,200.2
583.9,605.0,159.4,203.7
532.8,609.9,197.3,198.0
521.9,607.5,188.5,200.0
529.0,608.5,167.2,196.3
481.3,604.2,194.7,203.1
510.7,607.1,150.5,196.4
478.4,608.3,161.1,194.0
462.6,604.5,159.6,198.2
445.7,613.3,155.2,185.7
436.9,604.7,146.8,195.7
441.1,613.4,118.7,184.5
437.2,622.3,105.7,174.3
345.0,633.7,175.4,163.7
316.7,640.2,188.7,153.1
301.5,642.5,185.0,150.7
282.6,618.4,187.6,173.2
244.5,610.5,142.6,184.9
298.1,615.4,92.1,169.3
215.1,601.4,166.2,201.6
178.8,601.7,196.7,198.7
160.8,590.6,216.4,203.0
273.5,590.4,196.2,196.5
681.1,602.8,132.3,184.5
835.0,588.2,176.2,195.0
969.3,590.2,170.8,191.5
1074.8,594.0,179.8,191.7
1150.1,599.9,162.2,191.8
1145.3,591.6,188.3,198.1
1163.0,589.3,193.8,199.3
1195.6,596.2,172.2,194.8
1197.1,593.8,178.0,194.8
1215.9,593.9,191.6,194.4
1237.2,600.5,176.1,190.0
1269.1,602.5,155.3,191.5
1252.4,598.1,187.2,194.9
1282.2,602.6,163.5,189.1
1270.4,595.1,187.2,199.4
1284.1,597.5,184.8,202.2
1286.1,596.8,186.1,200.1
1292.7,596.1,188.7,200.2
1307.1,596.4,187.4,202.5
1311.3,594.0,192.4,204.0
1334.0,596.9,176.7,203.3
1332.0,594.1,173.5,204.6
1310.3,591.0,185.1,202.8
1301.9,583.6,179.4,212.5
1295.3,583.1,173.0,215.8
1283.8,587.2,169.5,209.9
1279.6,585.2,168.1,209.1
1286.7,584.5,162.5,212.4
1297.8,580.5,153.1,215.1
1288.9,582.5,148.1,212.7
1294.5,582.1,142.8,212.1
1310.5,583.9,141.9,214.9
1321.8,583.5,134.9,211.2
1332.5,587.1,136.8,206.9
1335.3,584.5,141.3,209.1
1336.4,585.8,146.6,210.4
1335.4,584.0,147.5,216.6
1310.4,583.3,162.3,218.7
1320.7,581.8,153.7,213.0
1333.6,582.8,154.3,216.4
1346.7,582.5,146.3,216.5
1360.4,579.7,138.1,225.8
1370.0,579.2,135.8,226.2
1384.0,579.5,125.5,229.2
1390.8,575.9,120.7,224.5
1390.7,575.2,116.7,229.1
1398.8,571.4,104.2,231.9
1409.0,570.5,99.7,235.6
1418.5,572.4,96.7,238.2
1419.4,574.0,108.2,240.6
1422.8,576.9,121.9,249.2
1427.3,576.6,130.0,243.5
1433.3,580.7,148.5,243.1
1432.9,580.9,149.1,250.6
1405.3,577.9,156.2,254.5
1392.4,575.9,158.6,252.5
1370.2,569.9,165.8,255.5
1344.9,560.5,180.5,259.7
1338.1,556.4,187.6,262.0
1349.9,568.9,201.0,255.6
1327.7,569.3,199.9,251.8
1317.3,564.7,190.3,251.8
1311.5,565.1,198.8,259.8
1298.5,565.5,190.2,259.8
1278.2,571.1,204.0,260.1
1261.7,565.5,215.2,254.9
1229.3,559.7,219.0,261.3
1197.7,561.0,203.0,253.2
1160.9,559.7,229.6,266.7
1134.2,561.6,243.7,260.2
1097.4,560.6,246.8,263.7
1076.8,563.5,252.3,262.0
1034.0,556.4,248.7,261.0
1019.0,558.1,237.9,260.9
1011.1,552.9,228.6,260.4
1002.5,556.8,216.4,254.8
942.4,553.4,205.6,263.7
938.6,546.8,202.0,270.2
925.9,549.2,211.3,270.0
889.2,553.3,222.3,267.1
852.1,551.8,250.3,271.5
845.7,551.0,241.3,271.6
817.8,553.2,256.2,273.8
763.9,543.3,231.4,273.9
757.9,557.1,232.4,266.6
760.1,550.7,229.1,275.4
750.2,557.4,208.5,264.2
769.1,558.3,270.3,271.8
776.4,578.1,248.2,253.6
775.2,567.5,273.7,265.2
786.3,556.9,270.1,284.2
800.4,557.0,267.0,286.1
813.9,559.9,272.4,274.7
851.1,561.8,245.6,277.0
853.5,562.5,264.5,276.1
864.4,561.8,259.1,279.9
860.1,564.3,269.7,277.1
841.2,562.0,257.7,269.9
795.8,560.8,267.0,277.5
815.5,560.9,257.8,276.6
823.8,561.7,270.3,280.9
847.7,564.7,264.0,275.9
864.1,567.3,270.2,276.9
878.1,564.6,274.2,280.2
899.1,568.4,272.0,278.0
923.1,571.5,263.4,281.3
933.8,570.9,268.0,281.5
944.3,572.2,274.0,282.4
973.8,570.1,268.5,275.1
990.2,569.4,273.2,277.5
1011.8,568.3,261.5,286.4
1025.8,576.1,267.6,282.4
1030.4,577.0,271.1,283.8
1044.5,580.7,273.2,277.1
1046.9,577.5,270.0,278.9
1053.9,579.7,269.3,276.0
1078.5,574.1,261.1,283.9
1110.8,578.9,258.2,284.6
1143.0,574.8,251.1,292.3
1156.4,579.0,248.1,289.5
1186.8,583.1,246.0,286.6
1217.5,586.7,231.4,282.4
1247.9,594.2,217.9,275.9
1271.0,597.2,200.5,269.2
1301.5,599.5,188.7,267.7
1322.3,592.3,172.8,275.2
1343.5,596.6,156.1,272.2
1363.5,602.9,131.4,264.3
1371.6,606.7,122.7,259.8
1383.9,608.0,108.7,255.0
1383.7,608.9,101.9,249.1
1383.9,611.8,93.1,246.4
1382.8,613.5,87.3,242.1
1378.6,614.2,82.4,239.1
1366.9,616.6,87.3,235.6
1348.4,619.1,100.6,234.3
1333.5,616.1,110.8,233.7
1321.0,618.4,118.3,229.0
1281.5,621.2,145.3,224.9
1268.3,617.9,146.5,227.6
1246.8,627.5,155.3,217.0
1221.3,620.6,168.4,221.9
1206.1,616.0,163.2,227.2
1177.8,618.2,169.0,221.9
1167.4,619.9,169.4,218.8
1149.0,621.4,167.4,216.2
1133.3,624.9,160.8,209.9
1120.6,627.0,146.7,204.9
1115.8,625.6,138.7,203.5
1100.5,627.7,129.1,200.2
1082.7,628.1,127.6,197.1
1062.4,628.7,138.8,195.6
1034.7,627.3,151.5,196.5
1019.7,626.7,153.4,195.5
1002.7,628.3,156.2,193.8
988.5,625.3,154.6,195.8
971.5,625.3,151.8,193.9
955.5,625.2,153.3,192.2
930.2,625.9,155.4,189.9
913.7,628.2,157.4,187.2
894.3,628.0,160.0,186.3
871.6,631.8,166.7,181.2
858.3,626.2,163.5,187.2
838.9,623.2,166.7,188.5
810.0,623.3,173.6,179.2
793.2,616.8,171.5,181.6
770.8,619.2,172.4,184.9
762.8,624.8,163.7,180.2
763.9,612.2,140.4,185.6
743.4,615.7,146.6,182.8
728.4,622.2,146.7,176.0
713.7,616.4,142.1,180.4
712.7,617.0,133.0,179.5
769.3,624.5,109.3,175.7
785.9,640.0,104.0,172.4
774.3,637.0,119.0,181.6
719.9,645.0,163.0,161.3
684.4,663.2,186.4,145.3
674.9,630.4,190.4,179.2
659.4,626.8,134.7,180.9
683.5,637.2,119.0,171.9
684.7,641.6,147.5,174.3
688.8,639.2,157.4,175.9
728.1,635.9,140.0,171.5
714.1,635.6,156.0,183.0
678.1,639.0,184.9,179.8
673.3,627.9,185.9,193.1
697.9,630.5,165.7,186.0
711.1,637.2,153.9,183.7
725.2,635.5,154.7,185.4
721.4,631.2,165.7,189.9
730.7,633.1,183.5,195.5
762.5,637.7,164.5,187.7
783.9,636.6,164.3,190.8
813.2,641.5,173.4,183.9
865.9,642.7,150.0,184.3
856.5,645.6,176.1,186.6
867.9,645.8,172.5,191.0
