923.0,724.0,87.0,102.0
926.4,714.6,73.5,112.3
909.5,714.8,75.1,113.0
908.6,712.6,70.9,116.0
890.4,715.8,77.9,109.7
892.0,711.5,69.3,115.3
888.7,711.6,69.9,113.4
884.9,713.3,70.4,112.2
882.2,711.6,74.1,114.8
902.8,712.0,70.4,112.1
858.5,713.0,77.3,110.8
855.9,720.4,71.6,110.7
857.3,734.3,69.4,114.2
865.3,743.3,71.3,110.8
864.6,755.4,82.6,113.7
891.8,753.2,71.8,115.5
822.0,744.3,65.5,107.3
817.2,735.4,76.4,112.4
841.6,731.9,73.1,114.6
841.1,748.9,71.2,115.0
850.2,750.5,74.3,111.6
828.7,750.0,76.0,111.5
831.3,741.6,75.9,113.4
816.4,728.2,76.3,109.5
815.8,726.7,72.8,114.0
893.4,738.4,78.3,108.4
907.6,738.0,75.9,112.5
908.0,733.9,73.0,114.3
919.4,734.6,71.8,113.4
920.7,742.0,70.2,112.9
963.0,752.1,69.9,111.0
984.9,781.5,70.8,115.5
990.9,813.4,74.7,111.4
996.8,828.8,77.6,111.5
980.8,821.5,85.6,111.6
924.2,793.6,68.5,110.9
844.6,768.3,76.1,112.8
869.5,746.6,73.7,112.8
853.4,754.2,68.8,109.8
851.1,744.2,71.8,111.9
761.7,722.8,74.8,108.9
713.2,710.8,74.5,112.9
715.1,704.6,71.5,115.5
740.5,708.2,72.2,112.3
757.2,720.8,78.1,114.6
762.1,729.6,64.4,112.2
742.3,736.1,68.5,114.3
730.0,752.3,68.3,115.8
707.9,758.3,72.6,111.7
713.4,771.4,84.7,115.9
730.2,779.1,74.3,110.9
710.6,771.9,73.8,116.3
666.5,760.4,70.0,111.0
617.7,750.5,84.3,113.8
631.5,746.9,80.0,115.0
684.4,750.0,74.1,113.6
835.7,773.5,70.7,110.3
925.2,793.6,69.5,114.3
946.7,808.5,86.2,118.2
1065.8,796.0,73.4,108.9
1137.9,784.3,79.5,115.0
1190.7,776.4,75.5,117.6
1224.1,775.1,77.1,116.9
1261.2,777.4,74.2,114.5
1329.0,778.0,75.4,115.1
1341.9,778.0,73.2,115.2
1316.8,776.9,75.5,114.2
1288.2,770.1,81.4,115.0
1286.0,768.1,74.2,118.4
1310.6,779.4,73.1,113.7
1353.4,816.9,74.1,116.4
1358.3,829.6,84.3,115.1
1312.7,832.6,81.9,115.8
1313.1,841.0,79.6,113.0
1315.6,831.5,70.0,116.4
1221.9,841.6,73.8,113.9
1257.1,857.0,70.0,117.0
1277.2,861.0,77.0,118.7
1259.1,846.1,86.1,112.7
1249.9,834.4,69.2,114.5
1232.6,808.1,79.0,115.9
1213.8,775.7,74.9,115.9
1171.8,761.3,81.3,111.1
1178.9,753.1,86.1,115.3
1161.0,739.9,65.1,111.1
1142.5,743.7,81.2,114.2
1169.7,752.4,78.2,113.0
1173.3,749.6,73.4,116.0
1126.5,754.6,70.9,112.1
1165.8,772.8,71.8,115.7
1185.1,789.4,75.6,118.5
1184.9,784.1,87.2,116.0
1148.3,773.2,84.9,109.7
1286.2,781.7,82.9,111.5
1362.7,797.6,68.2,118.2
1385.5,805.0,81.7,117.4
1433.2,814.3,74.8,115.0
1445.4,812.5,78.9,119.9
1421.1,807.9,80.4,120.0
1424.9,812.7,88.9,116.2
1435.0,827.6,90.8,117.5
1469.5,835.4,84.4,118.3
1499.0,838.8,83.9,118.9
1504.7,839.0,85.3,119.7
1503.5,840.0,79.6,121.0
1455.7,831.2,79.6,124.7
1438.5,819.4,89.3,117.1
1423.2,819.0,85.5,119.4
1452.6,830.2,85.3,115.6
1488.8,860.2,86.8,118.4
1529.3,853.7,77.2,125.5
1457.2,838.1,75.5,119.3
1435.5,832.0,82.1,122.1
1468.1,837.1,85.7,119.4
1436.7,842.6,73.3,118.8
1460.7,846.2,79.2,119.3
1422.1,835.8,84.5,125.6
1477.7,818.5,75.2,119.6
1416.6,817.8,83.8,118.8
1474.2,824.6,85.3,117.2
1459.2,833.5,87.4,115.1
1493.5,802.9,75.4,122.2
1398.7,770.7,75.5,121.6
1436.7,767.1,75.6,121.1
1437.3,767.7,91.9,118.4
1497.0,764.9,80.4,123.5
1501.4,763.4,74.4,121.3
1472.9,750.2,77.4,119.2
1447.5,737.4,77.2,120.9
1351.7,731.3,79.6,116.9
1244.4,718.5,68.2,110.9
1066.9,714.0,81.5,111.5
984.2,716.2,75.3,110.6
815.8,717.1,77.2,112.1
655.5,721.6,77.0,110.3
616.1,721.0,84.1,113.5
600.0,729.4,77.9,111.2
584.0,750.4,89.3,114.9
568.3,772.2,91.1,118.1
603.7,778.1,72.9,116.5
597.8,774.4,86.2,116.7
614.3,766.5,63.7,117.6
625.9,765.3,72.2,118.6
637.8,765.7,77.7,116.6
636.6,764.3,77.4,116.6
639.0,755.2,72.0,116.6
617.9,752.6,76.2,115.2
596.8,746.7,84.3,119.6
607.1,746.1,85.5,116.2
632.2,743.2,79.8,116.2
664.2,746.5,68.7,114.7
665.5,748.0,80.1,112.7
690.4,749.2,65.0,113.8
698.3,749.9,76.6,115.0
715.0,749.3,88.3,112.3
743.7,746.6,71.8,115.0
757.7,744.5,75.3,114.5
794.8,745.4,79.7,113.0
820.0,744.8,62.9,116.2
807.5,748.8,78.7,119.0
819.9,760.6,82.5,113.9
854.4,791.1,72.3,114.3
862.9,792.7,79.1,114.3
836.5,787.8,75.7,119.2
838.6,791.1,68.5,116.9
845.0,798.7,64.5,118.2
844.4,801.7,66.1,116.4
839.6,801.5,64.9,115.9
817.5,803.3,72.0,119.3
824.5,811.1,82.2,115.1
827.1,816.2,73.3,116.1
827.1,822.8,76.7,116.7
837.7,822.6,68.3,117.2
836.1,823.5,71.0,116.3
848.0,825.9,68.9,116.3
853.9,842.1,82.4,118.4
857.9,859.0,78.4,116.5
884.1,849.2,72.0,118.8
874.7,817.9,67.9,116.1
818.0,788.1,69.4,117.0
841.7,778.3,76.2,114.1
871.2,766.6,85.9,113.4
892.4,748.1,63.6,110.8
880.3,725.9,76.7,116.5
885.8,724.4,73.3,114.8
900.9,735.5,78.0,115.9
907.7,755.4,86.4,117.4
916.6,773.2,72.8,113.6
909.5,789.4,80.9,117.7
914.2,801.3,77.3,115.7
948.0,827.0,78.3,115.0
965.1,818.4,68.6,119.7
945.5,807.1,85.6,110.4
955.5,770.2,69.5,114.7
936.4,755.1,80.3,111.5
938.3,755.6,72.0,114.0
965.8,767.7,68.3,119.9
974.7,792.8,72.2,114.2
978.4,817.1,77.0,113.3
989.2,841.9,73.2,114.9
1012.7,856.9,74.3,121.0
1012.5,867.0,75.8,113.3
1014.0,863.3,88.0,115.3
1015.1,851.2,74.7,111.5
999.3,832.8,84.4,111.8
991.1,823.6,66.7,115.2
969.2,818.5,70.7,116.3
971.4,821.9,72.7,115.4
999.1,819.7,70.4,113.2
979.0,798.2,71.7,110.7
918.4,769.3,83.1,115.8
912.1,765.4,66.8,115.9
926.8,776.5,67.4,117.1
925.6,792.9,76.3,116.3
967.9,810.2,61.5,115.1
964.2,834.3,79.7,117.7
940.8,856.1,80.5,116.1
957.9,866.7,66.8,112.6
983.6,867.1,72.9,112.2
1012.0,846.4,66.4,113.0
987.5,830.9,82.4,110.7
977.5,818.7,77.3,112.9
1012.8,809.9,63.8,112.3
1015.2,803.0,68.7,114.2
1035.9,773.2,69.6,113.5
1012.4,752.3,67.4,114.8
1045.7,756.0,59.8,112.6
1112.3,769.3,60.5,114.2
1136.0,775.6,82.5,113.6
1121.1,770.8,83.5,114.6
1145.9,762.4,70.6,112.3
1150.6,773.8,77.9,115.5
1179.5,791.9,89.9,118.6
1183.2,797.4,88.1,112.3
1167.5,781.7,72.0,109.0
1142.6,754.8,69.1,115.8
1112.3,745.8,59.8,113.0
1111.6,732.1,62.2,119.6
1110.5,740.6,60.8,119.5
1094.8,764.1,58.9,116.8
1027.9,777.8,84.0,118.3
1007.1,817.9,75.7,113.1
999.6,829.5,68.4,116.9
998.7,821.8,87.2,119.9
1026.9,764.6,66.5,112.1
948.9,720.9,59.6,114.1
950.7,714.2,63.6,115.0
993.6,722.8,78.7,120.5
1021.4,746.2,60.8,117.4
1068.1,771.1,61.9,117.3
1085.3,771.8,65.7,116.6
1120.9,766.9,61.1,116.6
1155.4,775.9,66.0,121.4
1213.4,802.8,60.7,117.4
1217.9,793.2,63.7,117.3
1221.9,765.1,75.4,118.3
1218.4,740.0,57.5,115.0
1152.6,704.0,61.5,117.1
1114.6,688.2,60.6,113.5
1061.5,690.6,58.3,115.7
1037.1,705.1,61.8,116.4
1012.7,732.8,60.9,121.2
1010.2,766.0,58.8,121.1
1019.7,803.6,71.4,118.7
1063.5,846.8,75.4,117.0
1104.4,859.1,71.6,119.3
1126.2,858.4,69.8,120.2
1124.0,859.6,67.7,117.5
1132.6,851.5,78.3,118.8
1164.6,844.4,75.6,116.5
1189.2,818.0,64.8,118.4
1126.6,789.5,85.3,117.1
1162.3,778.6,66.8,115.9
1243.3,771.8,64.5,114.7
1267.1,773.7,85.2,116.5
1357.5,823.8,73.8,118.5
1386.2,848.7,70.9,120.2
1372.9,843.1,75.2,121.1
1349.1,834.3,86.6,117.8
1341.8,831.0,81.5,120.9
1271.6,849.9,66.1,122.0
1186.3,840.8,77.4,120.8
1129.8,827.7,62.5,113.9
1063.2,812.4,69.2,118.4
995.5,805.4,79.2,120.0
966.4,797.3,59.4,117.4
902.7,791.6,74.4,116.1
894.9,787.7,68.8,118.3
885.1,787.6,77.3,113.5
897.1,777.4,79.0,112.0
905.1,774.0,67.6,113.7
861.8,792.6,71.2,112.9
877.8,811.9,66.6,114.5
878.3,823.6,68.2,116.6
905.8,813.2,72.2,111.3
952.8,796.8,75.5,109.1
1005.5,768.7,70.2,113.4
1041.8,723.1,65.3,111.1
1017.3,679.2,66.5,109.2
996.0,642.2,78.4,107.3
