1269.0,527.0,100.0,107.0
1244.0,534.9,113.2,102.3
1223.3,539.9,118.7,103.4
1206.5,545.2,132.0,96.9
1232.8,530.9,121.6,117.7
1251.4,515.7,104.0,157.7
1248.5,585.2,102.8,115.0
1243.5,590.8,104.3,126.6
1240.5,618.5,102.1,100.6
1240.5,616.7,103.9,103.1
1231.0,613.3,104.9,109.2
1228.7,586.3,110.6,127.0
1241.2,570.4,108.8,138.9
1249.3,571.1,106.6,139.5
1248.4,578.0,116.2,129.1
1249.6,575.9,121.8,130.0
1246.0,579.1,120.5,132.1
1243.1,578.0,118.3,134.8
1274.4,558.3,111.2,134.7
1290.6,549.1,121.6,124.6
1280.1,543.2,124.1,127.8
1325.7,514.8,129.9,124.7
1346.1,516.6,127.6,119.7
1333.0,547.0,131.1,107.8
1322.7,568.4,128.9,101.0
1317.0,567.3,133.9,100.3
1328.3,564.1,132.1,92.9
1330.5,564.1,130.6,89.7
1309.0,574.7,128.6,87.0
1305.7,575.1,132.9,87.0
1327.5,555.5,135.3,86.0
1336.9,531.5,133.0,86.6
1355.4,509.7,140.8,87.0
1396.5,486.5,140.5,87.5
1424.3,460.5,140.0,86.3
1425.2,455.6,143.1,85.0
1437.1,431.7,140.2,84.7
1446.7,410.1,142.8,86.6
1432.1,422.8,141.6,88.8
1418.0,423.1,145.1,100.5
1413.2,420.5,152.5,107.6
1420.1,427.6,150.8,110.9
1439.8,467.0,161.8,107.1
1451.5,495.6,154.3,100.6
1437.6,522.9,155.6,97.3
1411.6,568.7,148.2,90.1
1405.9,564.4,152.0,84.7
1409.6,549.5,150.1,79.3
1397.9,530.9,151.3,78.6
1385.2,517.0,147.9,79.9
1363.2,506.4,146.3,85.6
1358.3,498.2,143.9,85.6
1344.7,487.3,139.8,89.7
1325.1,492.2,145.0,91.1
1304.0,481.3,152.1,99.7
1295.4,465.9,150.9,99.5
1283.8,465.7,147.1,98.9
1271.7,473.5,132.6,96.7
1268.0,466.2,137.7,104.7
1253.3,465.1,134.9,106.1
1254.6,463.1,127.9,106.2
1250.7,468.1,122.9,102.6
1249.8,476.5,119.8,95.0
1246.3,491.0,107.9,89.1
1236.5,504.7,108.0,80.6
1243.0,502.2,104.2,75.5
1236.7,482.1,97.5,107.8
1232.6,471.3,93.8,114.1
1233.8,464.3,93.6,114.3
1226.6,511.9,110.9,74.3
1218.7,506.1,87.6,72.0
1214.8,494.7,151.7,71.9
1209.3,493.2,153.7,75.8
1205.1,495.5,138.2,70.9
1204.2,503.5,134.0,68.1
1206.2,496.2,112.2,76.5
1213.6,494.6,126.4,68.6
1213.1,486.8,88.1,71.5
1217.4,470.4,101.7,70.6
1219.2,463.7,132.7,68.8
1218.6,462.8,127.3,68.0
1217.7,454.4,109.1,68.5
1225.5,440.3,98.7,68.9
1226.0,440.3,97.8,74.3
1229.1,436.9,100.4,75.4
1231.8,431.7,105.6,75.3
1222.6,432.4,101.9,73.6
1219.9,435.3,105.5,70.5
1225.7,424.5,110.7,73.7
1234.1,416.1,129.8,84.7
1231.8,431.4,150.1,91.0
1212.4,461.8,144.1,86.2
1198.2,457.2,139.6,84.6
1201.3,434.1,135.6,82.3
1189.9,438.8,137.6,75.7
1182.0,434.4,136.9,84.2
1172.8,451.3,138.1,65.5
1171.1,422.1,135.3,83.2
1175.0,425.9,132.9,82.1
1164.9,453.5,137.2,63.6
1164.5,446.0,133.7,75.7
1160.0,448.3,135.5,71.6
1157.7,434.4,134.1,82.5
1150.6,456.1,136.7,66.3
1146.5,459.0,134.4,66.1
1143.4,449.2,136.4,70.0
1146.6,450.3,141.3,72.9
1154.1,452.4,139.7,71.4
1148.5,477.2,134.4,67.4
1137.4,503.0,126.0,67.1
1128.9,532.4,137.9,61.3
1127.3,540.1,135.0,59.3
1127.9,538.8,132.4,58.0
1129.7,524.7,136.3,62.2
1134.5,505.3,138.9,68.4
1127.2,503.0,151.5,75.1
1127.1,495.0,170.0,66.4
1130.3,491.6,178.9,56.7
1126.8,494.9,179.9,57.7
1135.5,501.2,187.5,55.3
1163.3,518.1,182.8,59.9
1165.7,550.9,172.2,61.3
1163.3,572.6,169.2,67.2
1180.4,553.1,166.6,69.2
1192.3,531.7,165.3,71.2
1196.3,521.1,166.0,65.7
1203.0,515.3,165.8,63.9
1205.9,519.3,165.7,67.5
1190.5,539.8,165.5,69.9
1182.5,552.6,164.3,66.7
1195.6,570.6,165.6,60.2
1210.1,585.0,150.6,58.6
1212.6,577.0,137.6,64.7
1155.9,573.7,132.0,71.5
1103.2,581.0,134.7,74.8
1098.3,599.7,132.0,69.6
1099.3,597.8,137.5,69.0
1110.5,584.6,136.8,70.2
1120.1,571.0,137.1,77.3
1132.4,570.0,136.9,78.1
1122.0,593.5,154.2,70.3
1121.7,601.7,151.2,64.8
1133.7,575.4,147.8,66.7
1141.3,563.5,147.8,66.8
1135.5,563.1,153.1,70.0
1130.8,567.4,153.0,67.8
1110.3,581.0,152.3,65.8
1081.6,588.6,147.7,64.7
1074.1,579.2,142.9,66.5
1075.2,577.4,147.3,70.8
1088.3,576.5,148.7,67.5
1097.3,578.6,152.0,62.9
1096.3,583.1,150.1,57.1
1084.8,583.8,146.3,62.5
1080.4,581.9,131.9,64.5
1105.8,569.8,100.9,73.1
1126.7,562.6,92.0,77.8
1133.1,568.3,87.0,77.1
1137.8,578.5,80.6,79.8
1147.9,574.0,78.0,77.8
1161.8,569.9,76.0,72.8
1181.6,564.1,75.1,70.8
1176.2,571.3,75.0,70.3
1169.2,578.9,73.1,70.9
1167.1,575.8,73.1,68.9
1173.9,570.6,70.4,66.7
1175.8,566.7,71.2,67.1
1179.2,566.0,69.2,63.1
1180.4,564.5,68.0,59.8
1181.9,563.7,67.8,59.4
1175.5,564.6,72.1,59.3
1183.7,543.1,63.8,76.5
1183.4,514.6,63.9,98.5
1181.3,514.4,64.9,97.9
1181.7,529.2,68.5,79.9
1162.8,549.3,89.9,56.4
1157.5,540.8,96.7,60.4
1161.3,541.0,92.4,55.0
1168.8,543.5,81.7,54.1
1175.9,527.7,78.6,54.9
1173.6,522.5,79.5,55.0
1170.9,509.3,86.5,59.5
1158.1,514.2,89.0,55.2
1154.1,514.8,92.6,58.1
1143.8,522.7,94.0,54.6
1132.9,514.2,98.7,53.8
1112.5,504.8,102.5,51.9
1097.7,515.1,103.9,56.2
1090.8,527.8,106.2,53.4
1096.6,526.5,105.9,51.0
1098.8,527.8,106.7,49.1
1099.8,532.2,107.3,48.2
1088.6,525.2,115.0,59.5
1089.9,535.6,117.2,53.1
1074.3,531.1,129.3,48.6
1067.6,523.9,138.4,56.7
1064.1,519.4,144.1,57.8
1059.1,520.2,140.5,61.9
1054.9,524.2,138.7,64.8
1055.1,517.6,135.3,64.8
1055.7,514.0,130.0,70.4
1053.4,507.2,129.2,63.8
1055.3,511.1,122.9,63.9
1050.4,512.8,121.9,61.9
1049.0,508.9,123.3,68.9
1050.8,498.1,122.9,66.1
1045.6,494.0,120.9,82.2
1044.8,485.6,119.8,64.6
1038.9,487.0,116.6,71.8
1029.6,497.1,116.6,76.8
1025.2,497.6,116.2,67.7
1017.6,504.5,113.2,71.3
1007.0,502.4,113.6,74.4
1006.7,485.5,110.4,76.4
1000.7,472.2,112.1,85.5
987.5,474.9,110.1,74.7
978.2,480.7,108.1,69.4
986.4,477.8,105.9,74.7
986.7,480.7,105.7,70.6
981.2,488.8,103.2,80.9
989.5,473.0,102.9,75.5
991.4,468.2,100.8,70.0
988.8,472.1,99.6,73.9
991.6,464.0,97.8,75.6
999.3,452.1,97.1,74.5
1001.5,449.1,96.0,74.2
1038.6,441.4,93.7,73.0
1072.9,436.2,92.0,73.1
1082.0,439.4,89.7,71.5
1097.1,442.3,86.8,71.2
1164.8,447.9,84.3,73.2
1185.9,444.3,81.8,80.2
1201.8,464.1,78.9,85.0
1213.2,503.1,79.5,75.1
1224.1,497.9,74.8,82.1
1235.5,476.2,72.8,81.7
1225.4,458.3,69.7,80.6
1204.5,451.1,68.3,81.0
1179.6,440.9,65.0,82.1
1158.7,434.4,67.0,63.7
1129.4,433.2,66.0,80.8
1121.1,431.6,64.4,77.9
1130.2,434.8,65.0,83.8
1142.0,438.9,65.1,82.9
1135.3,454.1,65.7,78.8
1127.0,471.2,64.3,80.0
1109.1,496.6,65.4,70.9
1105.7,505.7,63.3,71.1
1105.6,506.0,64.8,76.9
1108.7,494.1,64.8,75.2
1100.4,490.8,63.9,72.4
1097.4,492.9,63.7,72.1
1097.4,494.7,65.4,76.5
1106.4,488.2,64.0,78.7
1115.3,478.6,65.0,74.2
1116.9,465.8,66.6,78.1
1114.3,459.1,73.3,73.1
1121.5,439.0,72.5,85.5
1120.4,431.7,70.6,77.1
1114.2,447.0,66.7,81.0
1102.8,464.2,70.0,91.1
1091.1,467.7,75.5,66.7
1069.4,459.5,86.8,70.1
1057.1,457.8,91.9,64.5
1045.3,450.8,97.2,76.3
1036.5,443.1,106.7,76.7
1034.0,441.1,110.4,76.7
1023.7,445.2,115.5,88.2
1013.1,456.6,121.0,81.8
1007.0,465.7,125.7,73.3
1001.2,469.7,143.6,74.5
1000.6,477.8,150.3,72.3
993.8,485.5,139.5,77.4
989.0,479.8,143.1,76.4
981.7,476.5,154.2,75.9
973.8,476.1,162.8,83.4
966.1,477.6,159.9,78.9
961.6,473.6,159.7,75.0
952.9,471.6,161.3,82.1
949.3,468.1,166.6,81.3
952.3,458.6,169.0,66.7
950.5,448.6,170.4,75.5
937.8,450.6,169.9,74.9
930.8,444.6,167.8,77.8
941.9,426.0,171.2,75.1
942.7,412.7,173.4,71.5
940.7,412.0,173.7,74.5
931.4,406.3,170.9,78.3
923.4,407.6,170.3,80.6
919.7,421.3,168.5,82.8
924.1,433.6,164.5,84.6
904.5,455.5,161.7,92.3
894.3,478.1,164.5,94.0
890.8,506.6,163.2,89.6
915.7,487.8,159.0,87.4
921.3,459.4,162.3,91.6
933.9,441.4,165.2,90.8
961.9,427.5,162.3,94.8
958.5,438.9,158.4,90.3
949.8,426.2,161.7,97.4
