321.0,696.0,194.0,152.0
315.4,690.6,200.6,154.2
312.5,687.0,203.5,146.8
322.2,680.5,210.4,144.2
326.8,667.7,224.4,136.5
342.6,651.2,220.6,126.9
340.7,647.0,226.0,121.3
342.7,650.2,223.4,118.7
352.5,646.5,210.5,121.6
362.3,658.1,209.1,108.2
374.0,655.6,204.8,110.4
386.0,644.4,201.3,115.5
393.6,644.2,199.8,110.2
407.0,630.4,229.1,118.1
412.5,637.9,216.2,101.0
421.7,639.1,207.6,93.2
430.7,637.4,201.9,87.9
436.3,644.2,197.6,90.7
438.3,645.3,198.7,94.9
441.9,659.8,202.8,111.2
458.7,651.2,207.5,102.8
467.2,622.7,201.8,121.5
466.4,633.0,206.3,92.0
471.2,646.1,200.0,80.5
471.9,640.2,199.5,81.3
472.7,641.7,202.3,78.9
475.3,638.8,201.8,92.2
479.7,642.6,198.7,101.8
489.0,629.6,196.3,111.1
495.3,627.5,200.1,107.7
505.2,625.8,199.8,103.0
517.5,625.8,206.3,100.4
522.0,623.1,213.8,104.4
531.8,616.4,216.5,110.1
524.9,610.0,221.3,120.0
517.2,607.3,224.8,120.2
515.9,607.2,221.3,123.1
511.5,600.1,205.5,133.4
514.6,598.8,199.1,135.6
515.7,594.9,199.0,140.2
518.6,593.6,200.1,143.4
528.6,585.4,207.6,149.3
535.9,577.3,214.8,148.5
558.7,577.7,210.8,144.0
571.9,580.5,205.9,142.2
573.8,575.8,209.0,137.6
579.1,566.3,217.3,142.9
583.1,571.8,208.9,144.7
588.9,576.3,206.0,146.0
590.7,570.3,215.5,141.2
600.3,560.2,209.8,145.2
599.6,562.1,206.7,140.3
589.2,569.6,226.5,133.7
586.2,571.9,229.9,127.6
585.5,566.9,225.4,133.2
596.1,555.4,206.4,145.6
609.2,558.3,213.8,146.0
631.0,560.8,196.9,143.9
643.0,562.0,195.0,140.5
662.4,563.6,189.3,134.8
686.7,567.9,192.3,128.7
707.2,574.5,190.3,123.0
722.1,577.1,182.3,118.0
730.1,582.3,175.6,116.6
730.4,583.9,169.4,114.4
736.8,587.5,158.2,109.6
753.2,586.1,144.8,107.9
772.0,572.8,134.4,109.4
789.4,537.2,123.4,145.3
804.1,517.4,114.9,162.7
811.5,562.2,114.9,110.7
802.1,566.8,134.5,101.2
790.0,541.8,153.1,124.3
775.8,526.4,175.1,137.6
785.4,553.0,172.0,104.5
818.7,540.8,142.5,105.5
819.7,539.1,145.0,100.9
822.1,516.8,141.9,117.0
835.1,486.1,133.7,144.6
830.3,511.9,138.1,123.6
814.5,539.4,158.0,88.0
814.0,537.9,161.2,90.0
827.0,526.9,159.6,95.1
829.9,514.7,160.6,101.4
839.9,516.6,156.9,97.5
849.0,509.8,149.1,102.6
858.8,502.0,135.7,112.0
836.8,501.5,156.4,110.9
839.6,499.4,155.2,114.0
848.0,500.6,147.8,113.8
847.4,498.6,149.9,113.1
848.0,494.3,150.9,115.6
846.0,496.7,151.1,113.8
834.6,498.3,157.6,116.3
827.0,494.1,166.5,112.1
815.8,474.1,173.1,113.8
810.3,471.6,177.0,111.9
788.7,480.3,191.2,111.7
778.9,487.2,194.1,111.4
766.6,492.3,197.2,113.0
759.6,497.4,191.2,110.6
747.3,495.9,190.7,112.7
744.3,489.3,185.2,113.8
738.7,490.4,185.1,113.5
733.6,493.7,182.2,112.4
729.1,502.1,175.8,114.1
722.4,516.6,159.4,113.4
718.6,525.6,152.0,114.8
710.8,527.5,137.3,115.2
703.2,531.7,146.3,105.3
689.9,548.6,147.4,94.7
635.1,563.1,185.7,95.5
605.4,572.7,197.5,146.5
604.4,572.1,192.7,157.1
618.2,571.3,191.8,153.5
584.6,560.3,238.8,173.4
636.7,554.6,178.4,139.3
559.8,546.5,253.5,167.3
588.8,547.3,230.5,165.2
626.7,528.6,199.3,177.8
597.1,548.3,240.5,148.1
694.7,556.1,154.8,138.4
693.2,560.8,163.6,134.3
594.4,560.9,242.8,143.2
670.0,550.2,197.4,171.6
670.9,606.2,183.5,136.6
662.3,586.4,185.1,155.0
729.0,620.1,177.0,140.9
597.2,621.4,269.8,132.3
644.7,604.1,233.9,158.7
611.6,638.2,247.2,144.0
682.5,635.6,262.3,135.7
679.7,619.2,287.3,146.8
649.4,638.1,403.4,134.2
639.5,643.8,408.4,140.5
625.7,634.9,345.0,163.5
725.6,644.1,166.9,147.3
707.8,643.6,310.1,137.3
688.8,615.7,300.7,175.3
623.8,646.2,394.7,186.7
718.4,682.2,276.6,144.6
700.6,660.7,247.6,156.3
691.1,654.1,259.2,190.2
683.9,693.5,318.3,190.2
680.2,714.5,256.2,166.2
668.1,707.6,261.3,159.0
670.4,701.4,262.1,224.4
666.3,727.1,283.1,202.2
648.3,738.1,289.5,162.5
603.1,726.6,314.0,169.5
562.1,731.8,337.2,221.1
587.0,728.0,256.4,192.7
565.9,732.4,241.6,177.2
523.5,724.6,307.7,199.4
592.5,720.9,257.2,208.0
607.6,728.3,201.9,192.6
625.7,740.6,183.3,176.5
622.1,737.5,273.9,187.1
646.1,716.0,197.5,189.8
656.1,710.2,150.8,180.7
624.9,720.1,244.8,167.7
637.9,719.9,199.0,171.5
648.6,722.8,177.7,169.3
662.2,719.4,133.4,161.2
639.6,707.5,151.6,164.9
647.5,702.7,142.8,163.9
653.3,710.2,126.4,167.5
648.9,710.5,142.0,173.0
654.7,713.7,152.1,169.6
655.9,724.1,156.5,166.6
653.8,725.8,160.1,162.7
649.4,728.9,188.9,154.5
631.6,711.3,170.0,167.9
618.8,718.2,158.0,151.7
597.7,703.6,173.2,136.3
571.0,704.2,202.6,127.6
564.9,681.0,260.8,149.2
576.6,695.1,232.3,150.4
590.9,682.3,216.2,131.4
579.0,672.3,234.0,138.6
597.2,669.4,224.3,155.3
574.2,663.7,232.9,144.3
574.4,686.3,213.7,143.7
587.5,687.1,215.3,138.4
591.2,661.1,231.9,147.0
612.8,642.0,222.1,165.6
628.5,641.3,215.2,160.3
628.7,646.6,220.4,131.4
638.3,637.9,221.5,166.1
625.9,643.6,230.8,145.4
622.3,653.9,224.6,127.2
617.0,645.4,222.7,146.8
630.2,640.7,223.2,156.3
637.9,645.8,212.5,116.1
641.5,635.1,212.2,129.0
651.9,631.1,225.9,143.4
669.7,624.6,220.8,131.1
686.3,617.2,203.5,109.9
691.2,602.0,205.6,129.0
677.9,619.2,226.2,142.7
702.7,616.3,205.1,114.5
697.3,612.1,206.7,100.3
692.0,602.1,209.4,110.3
697.6,591.0,203.2,127.5
693.1,590.8,212.1,118.2
696.8,586.8,208.3,115.4
702.9,554.7,215.1,120.9
698.3,553.1,215.9,120.0
687.3,555.9,214.8,124.2
708.2,539.1,218.7,118.8
714.5,533.7,228.9,118.0
716.9,541.6,226.4,116.5
730.7,540.9,221.7,111.2
732.9,545.6,219.2,110.8
730.8,560.5,209.7,108.7
751.2,521.2,224.7,104.4
776.3,485.2,197.6,109.7
779.2,494.9,194.5,99.3
772.6,520.8,193.7,100.3
732.3,539.4,189.0,106.3
638.6,552.3,184.9,122.2
654.9,553.5,185.8,131.1
499.4,558.9,190.1,115.7
588.5,547.4,185.3,112.3
654.4,563.3,177.0,103.1
690.3,556.3,174.3,106.8
656.6,541.2,178.4,113.9
674.9,533.3,187.8,114.1
657.3,516.5,169.7,110.7
654.9,512.3,161.5,104.5
575.3,508.3,175.8,108.4
566.4,525.5,188.9,116.4
587.8,545.1,208.2,117.0
643.2,544.3,192.4,112.1
689.4,527.0,172.5,109.9
729.5,508.8,151.3,112.7
768.2,497.5,150.6,104.4
757.7,485.7,189.5,105.3
738.4,493.6,209.2,108.1
741.8,504.6,200.4,106.3
779.9,493.0,154.5,102.5
773.7,481.5,140.0,108.2
742.8,499.8,151.4,100.7
731.1,511.0,168.1,101.4
693.0,475.0,201.2,134.6
623.5,514.8,228.2,114.1
640.4,537.2,203.0,97.9
701.5,534.7,149.6,94.9
675.5,509.6,163.8,111.5
637.8,497.2,157.1,125.2
684.8,486.8,130.7,130.5
720.1,471.5,104.7,143.2
724.2,452.4,113.2,150.4
726.9,436.9,123.0,151.7
717.7,429.7,129.0,158.6
735.2,425.8,106.7,158.1
728.6,422.4,101.4,161.8
709.9,425.1,105.9,159.5
713.5,433.9,105.2,153.8
730.1,428.8,103.7,156.9
743.3,412.9,110.6,161.3
764.1,405.7,105.8,156.3
768.3,407.8,110.2,152.4
766.4,408.6,102.6,153.2
770.2,403.9,95.2,149.4
745.8,407.0,102.1,152.0
760.2,435.4,113.0,145.4
764.3,465.0,124.2,132.3
753.9,492.1,142.4,124.1
739.1,508.8,154.9,119.9
772.4,507.0,168.7,114.3
782.2,495.8,172.1,108.5
787.5,491.9,174.0,104.1
786.8,488.4,177.0,101.5
765.3,494.2,182.4,102.4
751.8,496.7,179.4,101.5
745.7,496.2,179.8,97.4
763.4,471.1,171.6,99.1
771.4,466.2,166.1,96.8
766.8,469.5,159.5,99.6
777.3,459.4,156.0,97.8
805.9,448.7,155.1,98.4
812.2,456.6,149.8,98.0
836.8,450.6,147.7,95.1
822.9,453.1,146.3,97.3
815.3,458.9,143.3,95.4
822.9,456.7,143.7,96.8
828.1,440.3,140.1,100.9
834.0,408.8,137.3,96.6
817.3,413.5,142.2,101.0
834.6,394.4,148.4,97.3
835.4,387.6,128.9,98.4
827.6,363.2,148.4,128.9
844.2,335.8,191.0,143.0
849.9,297.5,228.0,176.8
837.8,289.3,234.2,188.0
810.7,299.7,319.8,173.3
766.3,382.2,365.8,108.4
800.8,412.4,306.2,106.3
793.2,397.2,244.7,126.6
