504.0,465.0,311.0,209.0
512.4,458.4,327.3,190.1
515.5,461.3,315.9,192.4
516.4,461.9,317.2,198.3
512.9,474.4,308.8,196.2
519.3,485.0,297.7,192.7
527.5,498.2,288.6,191.0
529.4,510.6,288.3,185.0
530.2,515.8,290.4,190.3
526.4,524.9,294.1,188.6
521.6,530.2,295.8,195.3
518.7,532.0,296.5,211.0
516.8,536.0,294.9,205.0
529.9,538.3,293.3,207.3
538.4,544.1,300.6,208.5
546.6,539.3,287.1,220.3
556.2,527.7,278.1,226.4
564.4,546.1,282.8,198.8
557.6,549.1,283.7,192.2
547.1,547.8,282.8,192.4
560.8,552.7,289.8,192.2
558.4,560.9,286.3,187.3
570.6,580.2,293.7,194.2
602.0,590.0,283.0,191.0
616.8,590.3,274.3,191.1
610.7,590.3,276.4,192.2
614.2,587.2,276.7,192.1
606.6,584.6,265.6,191.1
564.7,578.2,281.1,196.8
531.0,569.1,288.2,195.7
514.3,553.7,285.6,195.5
504.4,536.6,278.5,193.5
515.8,532.1,278.2,192.9
557.4,550.0,270.0,186.3
600.6,577.6,265.4,192.2
605.1,606.5,283.1,202.1
624.5,630.6,281.7,193.7
671.9,630.7,268.0,195.7
696.4,610.5,276.2,189.5
692.2,573.8,281.0,179.4
687.8,549.1,307.9,181.6
656.8,533.7,310.9,178.4
643.7,532.0,304.1,178.1
612.2,540.9,342.8,179.8
601.7,562.5,358.3,185.8
602.4,590.2,327.7,174.2
613.9,588.8,323.8,181.3
619.9,584.6,358.6,185.4
638.3,582.9,342.7,185.3
662.9,574.8,343.9,182.5
668.1,560.8,317.3,176.5
656.9,553.5,358.3,180.3
677.0,565.3,318.5,172.1
668.8,582.6,319.8,169.8
688.3,599.2,313.3,172.1
706.0,610.8,304.7,178.3
725.4,606.7,313.9,189.9
747.3,602.2,321.7,194.3
745.3,605.0,313.3,190.9
728.7,607.7,339.1,195.6
760.2,611.3,298.7,187.8
747.5,598.3,302.7,196.0
717.2,598.6,304.9,172.6
691.8,607.4,279.0,187.9
703.7,609.9,306.2,199.6
707.2,621.0,291.9,198.2
723.1,617.2,270.4,196.0
773.9,615.4,266.3,184.7
784.2,608.0,284.7,180.8
795.8,598.4,270.6,174.8
802.8,596.9,293.0,179.8
802.5,603.9,299.2,179.0
780.0,608.8,286.9,182.4
749.8,625.7,285.7,166.9
737.0,635.9,292.2,167.5
737.4,651.7,278.4,170.5
732.8,656.3,268.9,169.5
753.3,660.0,253.8,174.9
758.3,666.8,245.8,177.5
790.1,663.2,248.5,179.1
817.5,660.0,319.3,176.0
836.2,658.7,325.1,153.1
847.5,661.5,338.3,162.4
848.0,655.9,352.1,167.1
849.4,663.5,365.2,174.3
831.3,663.1,359.9,149.9
831.4,669.3,358.2,159.4
837.3,685.7,356.2,162.6
844.7,702.8,361.3,164.6
840.4,720.3,371.8,164.3
869.3,723.0,368.9,185.7
881.0,707.8,370.7,175.9
901.8,699.0,392.9,192.4
916.2,695.3,398.1,204.5
918.2,695.9,391.7,197.0
914.7,701.9,396.6,209.1
932.4,712.7,389.3,188.5
969.4,715.9,366.1,195.5
994.6,718.2,350.5,194.5
1016.0,711.9,363.5,194.7
1036.0,717.9,366.9,204.3
1017.1,717.7,379.9,207.9
1012.2,743.2,371.7,184.3
1027.9,762.9,370.8,199.0
1041.9,761.9,355.1,205.0
1029.6,757.0,365.8,196.5
1045.9,753.1,360.3,186.2
1067.0,732.1,358.8,200.2
1050.6,725.9,379.3,202.3
1081.6,711.5,411.4,210.7
1062.6,705.6,385.0,195.1
1049.5,695.8,416.6,204.7
1051.9,685.9,415.7,210.0
1052.5,680.3,391.2,208.8
1052.6,678.3,381.3,203.9
1086.2,674.1,358.0,201.6
1097.9,673.1,361.8,191.7
1081.1,679.5,370.4,192.5
1102.9,683.3,363.3,199.0
1115.8,691.1,357.5,193.4
1105.5,702.5,364.2,191.5
1100.1,703.2,364.1,196.3
1140.6,700.9,345.3,181.7
1155.8,696.0,343.4,186.8
1127.9,684.7,371.6,168.1
1125.2,667.2,368.8,175.7
1114.8,665.3,382.3,200.3
1119.2,667.8,363.6,182.5
1112.8,671.5,372.4,199.4
1093.5,691.3,358.4,185.7
1124.0,703.8,332.8,193.2
1143.1,701.2,336.7,189.8
1157.0,704.6,345.3,199.7
1165.6,707.1,349.8,188.3
1187.0,716.4,344.5,193.4
1178.0,724.0,347.3,181.4
1187.7,724.5,346.5,185.7
1222.2,736.8,323.7,187.0
1240.8,733.4,325.2,185.1
1258.7,717.8,332.3,181.8
1262.8,708.7,321.2,181.9
1261.8,703.8,316.8,184.9
1257.6,697.3,310.9,191.3
1259.3,669.3,295.3,217.8
1274.5,643.4,308.4,230.0
1297.3,645.0,304.4,220.1
1303.1,640.3,306.2,201.9
1323.6,623.5,290.6,180.6
1299.5,602.8,293.1,194.1
1254.5,593.5,280.3,191.9
1227.7,588.4,293.4,197.2
1219.4,573.5,286.0,198.0
1212.4,570.7,277.1,213.1
1229.7,582.7,244.4,212.6
1228.7,613.9,255.1,175.9
1214.4,635.1,271.8,164.1
1209.6,649.6,266.0,172.4
1187.3,664.6,267.2,166.6
1142.3,684.7,283.2,161.7
1107.9,707.6,290.5,158.3
1116.8,722.6,274.7,160.2
1135.7,730.5,281.1,159.7
1157.7,713.8,263.8,160.2
1174.8,695.4,262.5,154.0
1196.7,673.6,263.7,149.3
1202.1,663.2,273.6,153.2
1198.9,667.1,260.3,156.6
1190.8,667.2,272.9,151.5
1187.6,665.5,257.3,162.0
1159.0,667.5,269.3,157.2
1155.8,680.0,246.9,163.8
1160.2,679.7,248.8,168.6
1178.2,664.9,230.0,171.7
1155.2,663.0,228.2,155.7
1168.7,662.8,211.1,178.5
1160.3,666.7,249.2,163.5
1158.7,669.1,247.6,156.2
1162.4,665.1,262.6,168.7
1166.7,658.8,255.9,145.4
1164.6,663.0,244.6,155.9
1164.7,662.7,244.7,152.0
1158.1,646.3,232.0,147.6
1157.0,646.5,234.9,149.9
1156.4,647.6,237.5,153.4
1154.7,650.3,237.0,156.1
1139.2,654.4,242.7,158.5
1129.4,651.9,238.6,127.3
1105.3,653.3,255.8,138.8
1084.7,651.6,256.1,142.7
1054.3,664.2,245.2,139.0
1068.8,654.5,225.8,124.9
1089.7,642.7,226.1,134.4
1187.8,628.0,230.6,121.7
1178.5,618.7,238.2,131.2
1172.1,630.3,244.0,120.2
1184.6,668.6,256.0,134.9
1200.2,724.4,263.6,129.6
1178.1,736.2,255.9,121.5
1171.8,720.3,262.3,114.2
1219.4,713.2,247.6,122.3
1285.6,677.3,236.4,120.1
1311.9,626.3,234.7,109.7
1290.3,623.7,230.7,124.7
1223.6,618.7,242.4,131.5
1152.7,612.3,242.2,116.9
1137.5,622.9,209.9,120.8
1144.6,612.2,217.1,132.9
1132.0,610.2,180.0,135.5
1125.6,622.6,194.4,130.2
1132.4,634.1,184.5,134.6
1140.2,641.7,140.1,136.6
1145.2,643.5,150.6,129.2
1160.1,644.2,138.8,126.8
1190.5,653.5,127.4,130.3
1184.4,653.5,133.6,129.7
1175.8,654.4,132.6,138.7
1174.0,650.3,135.4,126.0
1169.4,656.0,140.1,120.7
1164.6,660.4,151.6,121.2
1149.9,661.6,158.3,122.5
1116.3,670.5,174.4,113.8
1110.8,658.2,186.6,115.3
1114.6,653.8,211.2,123.7
1121.0,647.7,202.6,126.7
1125.1,635.2,202.0,123.8
1123.9,631.9,199.1,132.4
1088.4,642.5,203.1,124.5
1074.4,649.2,221.5,126.4
1061.8,659.3,223.4,126.3
1049.0,670.3,227.4,122.6
1019.0,675.5,227.3,120.5
1017.6,678.8,220.1,124.7
1017.9,676.4,215.6,110.9
1032.4,659.5,212.2,106.0
1038.1,656.4,223.9,109.1
1036.8,650.5,227.3,105.4
1042.1,644.1,221.9,97.9
1046.9,638.8,229.0,114.1
1048.2,643.8,249.6,115.2
1028.2,647.3,245.0,117.8
1057.5,642.7,223.0,114.5
1076.3,626.9,203.9,110.6
1068.1,626.1,217.3,117.3
1072.7,630.1,208.1,111.1
1088.0,636.5,196.3,118.2
1088.7,640.2,201.1,118.8
1105.5,643.7,186.9,106.7
1098.2,641.5,182.7,106.4
1081.6,624.7,177.3,106.4
1083.1,619.0,173.0,111.2
1081.5,620.2,165.3,112.1
1066.4,623.0,176.5,98.6
1079.6,621.9,166.6,109.3
1089.9,614.1,183.9,99.7
1108.1,616.0,193.4,106.3
1127.4,608.9,164.0,97.0
1122.4,601.4,173.2,81.5
1108.0,604.4,165.5,94.0
1117.6,601.6,163.6,70.1
1107.9,584.5,141.8,72.2
1094.1,575.4,147.5,83.5
1096.8,582.9,143.8,82.4
1122.8,593.1,146.6,86.4
1132.0,617.5,144.3,83.5
1137.1,625.8,135.9,84.0
1156.2,623.9,148.9,85.8
1173.2,606.4,149.3,84.7
1167.5,599.7,147.6,86.5
1177.4,587.4,153.6,94.9
1157.5,575.4,145.2,87.9
1171.4,565.1,140.4,89.2
1189.7,548.9,138.9,87.8
1229.0,538.6,147.3,97.8
1225.7,557.0,144.1,83.9
1250.0,562.1,166.6,85.6
1268.1,573.4,132.1,85.6
1278.7,588.5,165.1,92.7
1292.5,634.5,122.8,87.4
1270.2,651.5,118.8,89.5
1294.0,672.3,108.5,99.9
1296.5,673.2,99.9,135.1
1315.4,675.9,101.3,123.0
1302.0,672.5,125.2,125.1
1282.2,646.4,121.9,100.3
1285.1,607.1,125.3,98.0
1248.9,564.8,132.9,102.0
1245.6,550.6,138.2,99.0
1315.1,522.2,137.4,105.0
1351.2,491.6,143.4,103.3
1337.4,533.9,156.8,103.5
1410.4,553.6,146.0,96.4
1455.2,565.8,126.1,92.6
1472.2,628.8,135.5,77.9
1449.1,676.6,124.4,85.2
1411.7,680.4,142.4,123.1
1377.0,657.2,137.0,117.2
1349.5,628.5,147.6,111.4
1358.1,624.6,144.1,107.1
1384.2,608.6,125.0,94.0
1384.7,582.3,120.9,85.0
